const uint16_t collision[993] = {
2048,
2048,
2048,
2048,
2048,
2048,
2048,
2048,
2048,
2048,
2048,
2048,
2048,
2047,
2048,
2047,
2047,
2047,
2046,
2046,
2046,
2045,
2046,
2046,
2047,
2047,
2047,
2047,
2046,
2044,
2041,
2037,
2033,
2030,
2028,
2028,
2030,
2033,
2038,
2039,
2039,
2035,
2029,
2019,
1997,
1979,
1967,
1961,
1956,
1956,
1968,
1983,
2002,
2017,
2014,
2017,
1988,
1969,
1908,
1795,
1694,
1578,
1476,
1395,
1284,
1163,
1107,
1250,
1357,
1431,
1539,
1575,
1650,
1835,
2147,
2577,
2975,
3388,
3695,
3931,
4095,
4083,
3929,
3719,
3640,
3630,
3529,
3501,
3216,
2549,
1998,
1695,
1452,
998,
715,
665,
641,
741,
727,
624,
734,
939,
1211,
1448,
1601,
1411,
1243,
1163,
1185,
1362,
1566,
1804,
2000,
2132,
2243,
2326,
2408,
2486,
2584,
2749,
2772,
2682,
2657,
2686,
2686,
2759,
2737,
2576,
2381,
2289,
2239,
2289,
2419,
2474,
2605,
2594,
2480,
2206,
2002,
1814,
1683,
1644,
1662,
1833,
2019,
2175,
2175,
2177,
1997,
1735,
1466,
1239,
1085,
1034,
1033,
1224,
1401,
1778,
2120,
2467,
2735,
2773,
2738,
2738,
2700,
2592,
2576,
2385,
2263,
2150,
2108,
2044,
1989,
1870,
1662,
1581,
1560,
1580,
1689,
1873,
2007,
2156,
2311,
2328,
2258,
2224,
2103,
1960,
1850,
1794,
1772,
1810,
1831,
1953,
2075,
2086,
2055,
1938,
1843,
1806,
1836,
1925,
2044,
2159,
2262,
2258,
2296,
2349,
2252,
2067,
1864,
1782,
1786,
1864,
1999,
2048,
2101,
2160,
2161,
2110,
2137,
2132,
2076,
1935,
1838,
1752,
1640,
1686,
1787,
1947,
2109,
2232,
2255,
2184,
2109,
2037,
2041,
2095,
2022,
1992,
1966,
1971,
2058,
2072,
2064,
1972,
1960,
1933,
1977,
2030,
1982,
1876,
1893,
1962,
1997,
2022,
2084,
2128,
2178,
2146,
2115,
2113,
2103,
2032,
1966,
1899,
1812,
1923,
2070,
2258,
2347,
2321,
2203,
2118,
2088,
2130,
2038,
1910,
1833,
1795,
1842,
1925,
2067,
2151,
2060,
1988,
1971,
1875,
1794,
1760,
1804,
1864,
1921,
2041,
2061,
2002,
1919,
1798,
1771,
1858,
1989,
2081,
2160,
2217,
2239,
2192,
2129,
2054,
2029,
2075,
2175,
2235,
2294,
2285,
2289,
2261,
2187,
2092,
1959,
1912,
1898,
1838,
1827,
1838,
1833,
1806,
1856,
1931,
2002,
2195,
2319,
2363,
2308,
2252,
2100,
2028,
2042,
2020,
2029,
2037,
2075,
2090,
2132,
2147,
2177,
2180,
2114,
2030,
2013,
2004,
2011,
2052,
2127,
2155,
2161,
2099,
2033,
1979,
1904,
1852,
1845,
1896,
1949,
2050,
2162,
2214,
2178,
2096,
2009,
1912,
1774,
1703,
1748,
1869,
1988,
2030,
2006,
1920,
1825,
1726,
1723,
1825,
1966,
2137,
2234,
2279,
2260,
2214,
2216,
2194,
2141,
2090,
2069,
2111,
2126,
2150,
2178,
2181,
2182,
2184,
2168,
2134,
2102,
2096,
2117,
2114,
2071,
2057,
2042,
2041,
2087,
2155,
2186,
2197,
2172,
2117,
2072,
2028,
2019,
2033,
2072,
2112,
2121,
2062,
1979,
1886,
1843,
1812,
1814,
1844,
1832,
1823,
1829,
1825,
1794,
1769,
1775,
1843,
1950,
2019,
2100,
2169,
2209,
2239,
2282,
2338,
2389,
2415,
2382,
2353,
2333,
2292,
2276,
2247,
2218,
2167,
2113,
2082,
2043,
1985,
1918,
1852,
1796,
1800,
1800,
1835,
1920,
1978,
1990,
1990,
1972,
1888,
1826,
1817,
1853,
1906,
1977,
2028,
2058,
2085,
2119,
2108,
2061,
2035,
2012,
2013,
2054,
2111,
2138,
2159,
2155,
2172,
2180,
2154,
2127,
2137,
2208,
2283,
2370,
2398,
2342,
2256,
2137,
2023,
1929,
1860,
1835,
1860,
1898,
1941,
1982,
1979,
1935,
1894,
1872,
1871,
1912,
1963,
1979,
1987,
1962,
1967,
2001,
2022,
2025,
2030,
2039,
2049,
2043,
2003,
1980,
1976,
1964,
1988,
2035,
2092,
2119,
2175,
2248,
2313,
2307,
2269,
2223,
2163,
2118,
2084,
2052,
1991,
1916,
1851,
1854,
1865,
1894,
1926,
1962,
1987,
2017,
2044,
2053,
2013,
1957,
1943,
1967,
1998,
1988,
1970,
1964,
1967,
2006,
2083,
2159,
2182,
2181,
2168,
2157,
2181,
2214,
2242,
2265,
2215,
2164,
2125,
2101,
2093,
2089,
2066,
2054,
2037,
2037,
2057,
2062,
2057,
2038,
2005,
1972,
1953,
1938,
1958,
1981,
1992,
2014,
2037,
2073,
2114,
2135,
2127,
2110,
2092,
2075,
2059,
2047,
2039,
2017,
2005,
2005,
2002,
2012,
2020,
2001,
1999,
2000,
2014,
2029,
2010,
1989,
1971,
1945,
1920,
1909,
1892,
1879,
1915,
1960,
2025,
2099,
2175,
2237,
2304,
2348,
2394,
2406,
2384,
2331,
2266,
2216,
2177,
2155,
2108,
2089,
2081,
2063,
2039,
2024,
2009,
1964,
1907,
1868,
1854,
1876,
1881,
1883,
1889,
1895,
1906,
1913,
1941,
1967,
1972,
1971,
1965,
1983,
1993,
2004,
2014,
2050,
2079,
2108,
2133,
2155,
2155,
2144,
2152,
2159,
2146,
2138,
2144,
2157,
2173,
2193,
2233,
2265,
2274,
2283,
2288,
2274,
2232,
2164,
2114,
2057,
2005,
1978,
1959,
1946,
1936,
1930,
1903,
1881,
1857,
1847,
1855,
1877,
1913,
1968,
2019,
2069,
2103,
2123,
2133,
2151,
2153,
2149,
2138,
2109,
2084,
2075,
2077,
2082,
2109,
2121,
2119,
2110,
2095,
2073,
2057,
2056,
2067,
2087,
2099,
2101,
2096,
2063,
2013,
1971,
1937,
1915,
1929,
1950,
1957,
1964,
1960,
1926,
1909,
1904,
1924,
1953,
1986,
2028,
2070,
2090,
2084,
2086,
2099,
2099,
2084,
2076,
2076,
2091,
2114,
2138,
2160,
2166,
2174,
2187,
2204,
2217,
2223,
2230,
2235,
2227,
2222,
2196,
2160,
2118,
2074,
2020,
1970,
1936,
1904,
1873,
1841,
1836,
1845,
1869,
1903,
1937,
1953,
1967,
1971,
1968,
1964,
1967,
1975,
1996,
2016,
2055,
2094,
2133,
2166,
2164,
2159,
2151,
2142,
2124,
2112,
2099,
2106,
2112,
2114,
2114,
2112,
2111,
2110,
2108,
2105,
2099,
2092,
2083,
2088,
2098,
2099,
2092,
2084,
2066,
2048,
2030,
2016,
1991,
1967,
1952,
1955,
1961,
1968,
1970,
1970,
1972,
1974,
1986,
2003,
2026,
2049,
2067,
2066,
2068,
2071,
2075,
2087,
2106,
2130,
2152,
2176,
2192,
2197,
2192,
2175,
2146,
2102,
2056,
2024,
2014,
2012,
2033,
2047,
2052,
2043,
2027,
2010,
1996,
1982,
1964,
1952,
1948,
1953,
1963,
1991,
2031,
2072,
2100,
2110,
2102,
2079,
2055,
2033,
2015,
2017,
2031,
2043,
2057,
2075,
2096,
2120,
2144,
2158,
2167,
2188,
2209,
2226,
2232,
2220,
2183,
2139,
2086,
2038,
1992,
1960,
1943,
1936,
1938,
1941,
1946,
1962,
1985,
2005,
2009,
1996,
1980,
1983,
1997,
2017,
2035,
2046,
2055,
2057,
2054,
2057,
2075,
2103,
2131,
2156,
2175,
2180,
2178,
2163,
2148,
2134,
2128,
2130,
2126,
2124,
2117,
2114,
2117,
2122,
2120,
2110,
2094,
2078,
2066,
2045,
2033,
2026,
2014,
2004,
2000,
2010,
2022,
2014,
1996,
1983,
1968,
1962,
1957,
1956,
1974,
2005,
2044,
2072,
2086,
2091,
2097,
2108,
2116,
2116,
2112,
2098,
2087,
2080,
2071,
2057,
2050,
2041,
2030,
2026,
2039
};
