const uint16_t shoot[5822] = {
2048,
2048,
2048,
2048,
2048,
2048,
2048,
2048,
2048,
2048,
2048,
2048,
2048,
2048,
2048,
2048,
2048,
2048,
2048,
2048,
2048,
2048,
2048,
2048,
2048,
2048,
2048,
2048,
2048,
2048,
2048,
2048,
2048,
2048,
2048,
2048,
2048,
2048,
2048,
2048,
2048,
2048,
2048,
2048,
2048,
2048,
2048,
2048,
2048,
2048,
2048,
2048,
2048,
2048,
2048,
2048,
2048,
2048,
2048,
2048,
2048,
2048,
2048,
2048,
2048,
2048,
2048,
2048,
2048,
2048,
2048,
2048,
2048,
2048,
2048,
2048,
2048,
2048,
2048,
2048,
2048,
2048,
2048,
2048,
2048,
2048,
2048,
2048,
2048,
2048,
2048,
2048,
2048,
2048,
2048,
2048,
2048,
2048,
2048,
2048,
2048,
2048,
2048,
2048,
2048,
2048,
2048,
2048,
2048,
2048,
2048,
2048,
2048,
2048,
2048,
2048,
2048,
2048,
2048,
2047,
2048,
2047,
2048,
2047,
2048,
2047,
2048,
2047,
2048,
2047,
2048,
2047,
2048,
2047,
2048,
2047,
2048,
2047,
2048,
2047,
2048,
2047,
2048,
2047,
2048,
2047,
2048,
2047,
2048,
2047,
2048,
2047,
2048,
2047,
2048,
2048,
2047,
2048,
2047,
2048,
2047,
2048,
2047,
2048,
2047,
2048,
2047,
2048,
2047,
2048,
2048,
2047,
2048,
2047,
2047,
2048,
2047,
2048,
2047,
2047,
2048,
2048,
2047,
2047,
2048,
2047,
2048,
2047,
2048,
2047,
2047,
2048,
2047,
2047,
2047,
2047,
2048,
2047,
2048,
2048,
2048,
2048,
2047,
2047,
2047,
2048,
2048,
2048,
2047,
2047,
2048,
2047,
2048,
2047,
2047,
2048,
2048,
2047,
2047,
2048,
2047,
2047,
2047,
2047,
2047,
2047,
2047,
2047,
2047,
2047,
2047,
2048,
2047,
2047,
2048,
2048,
2047,
2048,
2047,
2048,
2048,
2047,
2047,
2048,
2048,
2048,
2048,
2048,
2048,
2047,
2047,
2048,
2048,
2048,
2048,
2048,
2048,
2048,
2048,
2048,
2048,
2047,
2047,
2048,
2047,
2047,
2047,
2048,
2047,
2048,
2047,
2048,
2047,
2048,
2047,
2048,
2048,
2047,
2047,
2048,
2048,
2048,
2048,
2048,
2047,
2047,
2048,
2048,
2048,
2048,
2048,
2048,
2047,
2047,
2047,
2047,
2047,
2048,
2047,
2048,
2048,
2048,
2048,
2047,
2047,
2048,
2048,
2047,
2047,
2048,
2047,
2047,
2047,
2047,
2047,
2048,
2047,
2047,
2048,
2047,
2047,
2048,
2048,
2048,
2047,
2048,
2048,
2048,
2048,
2048,
2047,
2048,
2048,
2048,
2048,
2047,
2048,
2048,
2048,
2048,
2048,
2047,
2047,
2048,
2047,
2048,
2048,
2048,
2048,
2047,
2047,
2047,
2047,
2047,
2048,
2048,
2047,
2047,
2047,
2047,
2048,
2047,
2047,
2047,
2047,
2047,
2048,
2048,
2048,
2047,
2047,
2047,
2048,
2047,
2048,
2047,
2047,
2048,
2047,
2047,
2047,
2047,
2048,
2048,
2048,
2047,
2048,
2048,
2048,
2048,
2048,
2047,
2047,
2047,
2048,
2048,
2047,
2048,
2048,
2048,
2048,
2048,
2048,
2048,
2048,
2047,
2047,
2047,
2047,
2048,
2047,
2047,
2048,
2047,
2048,
2047,
2048,
2048,
2047,
2048,
2047,
2047,
2047,
2048,
2047,
2047,
2047,
2048,
2048,
2047,
2048,
2047,
2047,
2047,
2048,
2047,
2048,
2047,
2047,
2047,
2047,
2047,
2048,
2047,
2048,
2048,
2048,
2048,
2048,
2048,
2048,
2047,
2047,
2047,
2047,
2047,
2047,
2047,
2047,
2048,
2047,
2047,
2047,
2047,
2047,
2047,
2047,
2048,
2047,
2047,
2048,
2048,
2048,
2048,
2048,
2048,
2048,
2047,
2047,
2048,
2047,
2047,
2047,
2047,
2047,
2048,
2048,
2048,
2048,
2048,
2048,
2047,
2047,
2047,
2048,
2048,
2048,
2047,
2048,
2048,
2048,
2047,
2047,
2047,
2047,
2048,
2048,
2045,
2017,
2011,
2013,
2015,
2014,
2018,
2019,
2014,
2015,
2014,
2023,
2034,
2033,
2025,
2015,
2013,
2004,
2014,
2027,
2033,
2023,
2008,
2011,
2019,
2028,
2027,
2036,
2036,
2034,
2035,
2032,
2025,
2020,
2025,
2039,
2044,
2043,
2038,
2038,
2032,
2030,
2046,
2060,
2068,
2061,
2050,
2036,
2033,
2041,
2059,
2068,
2061,
2050,
2045,
2052,
2054,
2063,
2070,
2076,
2073,
2074,
2073,
2066,
2060,
2059,
2065,
2064,
2070,
2073,
2077,
2066,
2063,
2069,
2080,
2089,
2091,
2094,
2089,
2084,
2077,
2081,
2081,
2086,
2094,
2102,
2090,
2087,
2089,
2101,
2106,
2112,
2117,
2119,
2119,
2114,
2122,
2115,
2115,
2116,
2129,
2132,
2129,
2127,
2126,
2135,
2138,
2150,
2150,
2145,
2141,
2146,
2145,
2142,
2144,
2139,
2137,
2134,
2130,
2132,
2139,
2143,
2145,
2137,
2127,
2123,
2130,
2134,
2131,
2129,
2120,
2119,
2107,
2099,
2096,
2105,
2114,
2117,
2112,
2101,
2099,
2099,
2103,
2103,
2105,
2102,
2096,
2090,
2084,
2079,
2073,
2076,
2080,
2086,
2093,
2091,
2085,
2081,
2079,
2084,
2082,
2090,
2090,
2089,
2075,
2071,
2068,
2067,
2074,
2075,
2082,
2079,
2083,
2078,
2076,
2069,
2075,
2078,
2076,
2078,
2070,
2065,
2052,
2052,
2049,
2051,
2050,
2055,
2067,
2051,
2043,
2036,
2048,
2052,
2057,
2055,
2043,
2037,
2036,
2041,
2036,
2030,
2021,
2026,
2027,
2032,
2035,
2038,
2031,
2027,
2036,
2034,
2032,
2031,
2038,
2031,
2020,
2007,
2008,
2015,
2019,
2019,
2017,
2021,
2024,
2033,
2025,
2028,
2024,
2034,
2036,
2027,
2024,
2020,
2023,
2012,
2017,
2015,
2023,
2031,
2030,
2029,
2026,
2041,
2038,
2043,
2039,
2036,
2035,
2035,
2040,
2041,
2042,
2040,
2042,
2043,
2043,
2053,
2065,
2066,
2055,
2060,
2063,
2062,
2060,
2064,
2060,
2060,
2068,
2074,
2068,
2052,
2051,
2064,
2074,
2075,
2082,
2071,
2056,
2052,
2065,
2071,
2061,
2068,
2071,
2069,
2053,
2055,
2067,
2059,
2067,
2059,
2064,
2057,
2065,
2075,
2069,
2052,
2041,
2064,
2069,
2072,
2066,
2064,
2050,
2052,
2059,
2066,
2070,
2068,
2067,
2059,
2056,
2047,
2052,
2068,
2066,
2065,
2055,
2046,
2048,
2051,
2058,
2051,
2057,
2044,
2053,
2050,
2043,
2052,
2048,
2053,
2039,
2047,
2040,
2050,
2044,
2034,
2029,
2029,
2039,
2026,
2028,
2028,
2029,
2021,
2020,
2022,
2021,
2025,
2019,
2021,
2007,
2006,
2011,
2015,
2010,
2006,
2013,
2005,
2002,
2013,
2025,
2016,
2007,
2018,
2024,
2011,
2010,
2008,
2019,
2013,
2019,
2018,
2012,
2008,
2020,
2027,
2029,
2035,
2047,
2043,
2030,
2029,
2038,
2050,
2044,
2046,
2036,
2038,
2040,
2041,
2043,
2039,
2051,
2060,
2064,
2060,
2051,
2047,
2039,
2043,
2038,
2047,
2048,
2032,
2030,
2024,
2025,
2027,
2037,
2045,
2058,
2059,
2068,
2060,
2051,
2037,
2049,
2055,
2047,
2056,
2046,
2051,
2031,
2027,
2026,
2038,
2065,
2066,
2066,
2053,
2052,
2053,
2065,
2059,
2044,
2041,
2044,
2049,
2052,
2051,
2043,
2045,
2039,
2048,
2063,
2074,
2083,
2087,
2084,
2070,
2060,
2068,
2080,
2092,
2080,
2059,
2044,
2043,
2052,
2057,
2061,
2064,
2065,
2067,
2068,
2060,
2050,
2047,
2057,
2055,
2049,
2060,
2064,
2048,
2024,
2022,
2029,
2033,
2038,
2060,
2056,
2045,
2031,
2028,
2020,
2012,
2037,
2054,
2066,
2048,
2034,
2037,
2035,
2050,
2063,
2061,
2053,
2054,
2079,
2086,
2079,
2068,
2063,
2071,
2062,
2067,
2082,
2093,
2081,
2068,
2068,
2051,
2053,
2071,
2094,
2072,
2057,
2060,
2075,
2075,
2059,
2060,
2042,
2027,
2034,
2064,
2058,
2026,
2022,
2033,
2023,
2017,
2028,
2054,
2046,
2036,
2034,
2020,
2012,
2015,
2036,
2033,
2013,
2010,
2025,
2029,
2029,
2023,
2025,
2018,
2017,
2026,
2030,
2045,
2039,
2044,
2036,
2016,
2006,
2015,
2053,
2061,
2052,
2043,
2046,
2066,
2061,
2067,
2057,
2059,
2057,
2061,
2057,
2029,
2030,
2031,
2041,
2036,
2035,
2057,
2080,
2069,
2045,
2038,
2030,
2021,
2034,
2058,
2050,
2031,
2018,
2028,
2031,
2018,
2030,
2064,
2078,
2061,
2058,
2063,
2048,
2062,
2062,
2061,
2031,
2036,
2057,
2064,
2064,
2031,
2040,
2034,
2038,
2056,
2061,
2061,
2043,
2043,
2022,
2004,
2003,
2012,
2039,
2026,
2014,
2005,
2000,
2010,
2025,
2055,
2038,
2039,
2040,
2036,
2049,
2034,
2042,
2021,
2019,
2020,
2016,
2050,
2064,
2093,
2079,
2060,
2066,
2061,
2104,
2122,
2110,
2071,
2043,
2064,
2052,
2070,
2064,
2058,
2049,
2025,
2051,
2062,
2073,
2070,
2065,
2060,
2035,
2034,
2034,
2049,
2059,
2040,
2017,
2008,
2019,
2046,
2043,
2024,
2020,
2014,
2017,
2016,
2026,
2029,
2024,
2005,
1965,
1950,
1963,
1999,
2038,
2037,
1974,
1948,
1932,
1979,
1996,
2036,
2043,
2013,
1998,
1954,
2015,
2007,
2022,
2035,
2029,
2027,
2003,
2052,
2062,
2056,
2046,
1993,
2021,
2053,
2072,
2067,
2002,
1986,
1962,
2008,
2049,
2073,
2116,
2082,
2069,
2010,
2014,
2069,
2131,
2138,
2098,
2073,
2053,
2078,
2106,
2100,
2082,
2073,
2070,
2095,
2111,
2144,
2118,
2103,
2046,
2025,
2048,
2060,
2100,
2077,
2063,
2022,
2006,
2021,
2037,
2054,
2032,
2004,
1999,
2026,
2060,
2079,
2032,
2006,
1963,
1992,
2037,
2068,
2069,
2046,
2061,
2040,
2032,
2014,
2037,
2068,
2057,
2056,
2032,
2012,
2009,
2036,
2047,
1979,
1974,
1992,
2070,
2083,
2039,
2023,
2009,
2031,
2019,
2024,
2029,
2023,
2069,
2073,
2063,
2054,
2077,
2110,
2103,
2116,
2117,
2139,
2157,
2156,
2160,
2120,
2103,
2123,
2151,
2135,
2119,
2137,
2128,
2117,
2120,
2113,
2068,
2034,
2058,
2104,
2112,
2083,
2065,
2023,
1963,
1995,
2071,
2068,
2011,
2040,
2058,
2020,
2024,
2013,
2029,
2049,
2043,
2006,
1975,
2020,
2028,
2025,
1978,
1936,
1983,
2029,
2070,
2052,
1983,
2015,
2003,
2000,
1985,
2047,
2095,
2025,
2012,
1958,
1978,
2000,
2027,
2024,
2038,
2054,
2070,
2087,
2083,
2049,
2049,
2096,
2105,
2112,
2090,
2077,
2114,
2132,
2133,
2111,
2106,
2149,
2172,
2177,
2119,
2117,
2124,
2135,
2126,
2097,
2112,
2157,
2196,
2159,
2075,
2045,
2096,
2149,
2144,
2069,
2032,
2026,
2028,
2034,
2014,
2038,
2033,
2030,
1978,
1903,
1924,
1932,
1964,
1910,
1826,
1839,
1852,
1902,
1877,
1876,
1891,
1840,
1879,
1855,
1854,
1867,
1883,
1920,
1871,
1884,
1912,
1939,
1959,
1901,
1924,
1970,
1995,
2059,
2039,
2031,
2032,
2096,
2147,
2108,
2117,
2138,
2185,
2162,
2143,
2189,
2214,
2202,
2221,
2223,
2201,
2213,
2242,
2262,
2189,
2177,
2193,
2200,
2199,
2122,
2125,
2095,
2095,
2115,
2083,
2079,
2028,
2037,
2026,
1984,
2022,
1996,
2007,
1972,
1927,
1945,
1926,
1964,
1930,
1895,
1904,
1871,
1913,
1910,
1917,
1913,
1873,
1929,
1901,
1919,
1926,
1904,
1919,
1886,
1937,
1956,
1938,
1988,
1966,
1986,
1960,
1998,
2082,
2063,
2097,
2064,
2062,
2075,
2076,
2140,
2115,
2110,
2131,
2127,
2173,
2125,
2135,
2117,
2072,
2111,
2115,
2142,
2137,
2103,
2137,
2056,
2072,
2076,
2090,
2135,
2066,
2096,
2051,
2047,
2114,
2094,
2119,
2042,
2045,
2121,
2092,
2131,
2074,
2073,
2073,
2024,
2121,
2089,
2099,
2092,
2054,
2149,
2093,
2161,
2179,
2115,
2141,
2072,
2144,
2131,
2088,
2160,
2070,
2115,
2059,
2077,
2160,
2069,
2099,
2040,
2048,
2117,
2036,
2118,
2012,
1975,
2008,
1965,
2090,
1987,
2009,
2052,
1943,
2016,
1920,
2043,
2059,
1993,
2080,
1974,
2065,
2050,
2051,
2110,
1955,
2018,
2049,
2056,
2145,
1989,
2071,
2007,
1989,
2104,
2040,
2178,
2073,
2070,
2131,
2002,
2155,
2066,
2138,
2110,
2012,
2166,
2073,
2148,
2135,
2048,
2155,
2039,
2167,
2167,
2096,
2173,
2042,
2124,
2040,
2029,
2179,
2038,
2110,
2021,
2008,
2116,
1964,
2111,
2029,
2001,
2059,
1958,
2118,
1945,
1931,
2011,
1870,
2051,
1920,
1967,
2005,
1849,
2030,
1892,
2007,
2004,
1882,
2109,
1897,
2050,
2054,
1961,
2128,
1874,
2074,
2020,
2005,
2210,
1994,
2210,
2002,
2006,
2224,
1993,
2246,
2070,
2118,
2143,
1935,
2243,
2043,
2094,
2109,
1920,
2172,
1918,
2126,
2216,
2025,
2226,
1917,
2168,
2113,
2059,
2291,
2006,
2203,
2071,
2093,
2286,
2032,
2240,
2082,
2093,
2190,
1989,
2295,
2102,
2070,
2104,
1868,
2113,
1890,
2006,
2039,
1834,
2035,
1784,
1937,
1902,
1748,
2004,
1766,
1925,
1920,
1823,
2009,
1775,
1975,
1925,
1825,
2060,
1804,
2069,
1989,
2003,
2192,
1871,
2148,
1944,
2041,
2160,
1972,
2301,
2009,
2125,
2115,
1947,
2236,
2009,
2246,
2116,
2051,
2226,
1968,
2258,
2115,
2117,
2173,
1944,
2201,
2016,
2137,
2218,
2018,
2154,
1915,
2113,
2100,
2047,
2219,
1998,
2081,
2017,
1997,
2138,
1924,
2095,
1894,
1922,
1994,
1866,
2056,
1914,
1985,
1923,
1849,
2036,
1905,
2012,
1984,
1991,
2007,
1889,
1990,
1928,
1940,
2037,
2021,
2058,
1998,
1990,
2078,
1990,
2105,
2084,
2063,
2091,
2017,
2152,
2063,
2101,
2140,
2042,
2113,
1986,
2124,
2121,
2126,
2146,
2018,
2098,
2014,
2040,
2102,
2079,
2074,
1972,
2018,
2056,
2030,
2069,
2064,
1996,
1990,
1969,
2067,
2036,
2043,
2073,
1970,
2000,
1906,
2033,
2053,
2049,
2077,
1972,
2024,
1933,
2012,
2018,
2040,
2034,
1952,
1963,
1933,
2020,
1994,
2001,
1980,
1950,
1989,
1994,
2032,
1977,
2029,
2028,
1976,
1987,
2008,
2080,
2024,
2071,
2016,
2013,
1953,
2015,
2067,
2107,
2103,
2031,
2062,
1958,
2034,
2087,
2107,
2122,
2025,
2130,
2017,
2108,
2112,
2123,
2147,
2009,
2121,
2057,
2154,
2127,
2142,
2134,
2043,
2078,
2047,
2116,
2173,
2181,
2113,
2061,
2063,
2050,
2098,
2133,
2134,
2024,
2069,
1992,
2039,
2045,
2082,
2060,
1943,
2017,
1961,
2023,
2038,
2060,
2055,
1913,
1990,
1945,
1972,
1988,
2033,
2038,
1927,
1980,
1932,
2008,
2008,
2076,
1986,
1979,
1986,
1980,
2044,
2042,
2081,
1991,
1992,
1975,
1974,
2078,
2102,
2135,
1979,
2018,
2020,
2052,
2100,
2135,
2174,
2001,
2106,
2027,
2032,
2096,
2146,
2131,
1998,
2152,
2066,
2082,
2126,
2169,
2114,
2065,
2125,
2091,
2123,
2202,
2174,
2140,
2069,
2169,
2060,
2105,
2171,
2159,
2142,
2067,
2117,
2034,
2032,
2119,
2107,
2039,
2022,
2004,
2032,
1946,
2118,
2041,
1948,
2005,
1979,
2039,
1998,
2096,
2099,
1959,
2063,
1948,
2046,
2037,
2095,
2130,
2025,
2070,
2016,
2078,
2132,
2108,
2117,
2118,
2084,
2029,
2044,
2183,
2120,
2009,
2164,
2006,
2001,
2053,
2181,
2100,
1971,
2138,
2006,
1967,
2071,
2097,
2090,
1969,
2057,
2059,
1922,
2139,
2000,
2135,
1954,
1980,
2034,
1895,
2154,
1998,
2163,
1957,
2015,
2021,
1931,
2111,
2060,
2034,
2039,
1945,
1958,
1886,
2029,
2019,
1866,
2150,
2154,
2253,
2330,
2407,
2322,
2142,
2331,
2421,
2306,
2274,
2282,
2230,
2117,
1898,
2046,
1942,
2039,
2097,
2012,
2038,
1884,
1877,
1910,
1852,
2046,
1892,
2041,
2005,
1826,
1915,
1849,
2046,
1908,
1863,
2003,
1914,
2098,
1936,
1961,
2057,
1958,
2120,
2017,
2002,
2103,
1907,
2151,
2003,
2079,
1879,
1796,
2077,
1995,
2021,
1960,
1933,
2005,
1909,
2077,
2247,
2066,
2238,
2034,
2065,
2003,
1963,
2311,
2070,
1997,
1849,
1769,
2011,
1903,
2212,
2073,
1874,
2034,
1941,
2122,
1976,
1971,
2081,
1843,
1905,
1856,
1934,
2112,
1796,
2038,
1981,
2004,
2198,
2052,
2301,
2010,
1996,
2182,
2080,
2130,
1967,
2070,
2161,
1740,
2154,
1900,
1905,
2070,
1872,
2225,
1850,
2009,
2262,
1987,
2325,
1905,
2124,
2108,
1753,
2306,
1833,
2093,
2023,
1834,
2208,
1760,
2033,
2088,
1868,
2323,
1860,
2256,
2075,
1717,
2251,
1705,
1905,
1957,
1753,
2374,
1610,
2182,
2089,
1865,
2439,
1858,
2523,
2135,
1963,
2598,
1956,
2312,
1935,
1940,
2408,
1528,
2213,
2079,
1870,
2309,
1726,
2385,
2009,
1916,
2481,
1753,
2261,
1964,
1961,
2466,
1646,
2241,
1988,
1770,
2371,
1763,
2564,
2057,
1921,
2439,
1781,
2369,
2011,
1998,
2379,
1603,
2168,
2005,
1792,
2227,
1646,
2147,
1988,
1785,
2618,
1693,
2361,
1894,
2098,
2427,
1770,
2460,
2065,
2065,
2256,
1864,
2262,
1982,
1883,
2215,
1895,
2200,
2002,
1944,
2429,
1997,
2087,
2032,
1819,
2373,
1656,
2218,
1846,
1689,
2064,
1662,
2216,
1870,
1633,
2192,
1823,
2423,
1930,
2125,
2265,
1671,
2071,
2044,
1825,
2301,
1746,
2310,
1781,
1856,
2525,
1978,
2492,
1993,
2167,
2483,
1765,
2562,
1984,
1985,
2172,
1645,
2298,
1776,
1840,
2437,
1745,
2475,
1719,
2325,
2486,
1659,
2427,
1895,
1980,
2259,
1524,
2555,
1157,
2033,
2121,
1810,
2438,
1465,
2288,
2304,
1747,
2647,
1601,
2545,
1901,
1752,
2620,
1428,
2321,
1846,
1938,
2166,
1365,
2440,
2135,
1608,
2625,
1264,
2775,
1495,
2165,
2397,
1507,
2234,
1711,
1966,
2304,
1218,
2730,
1548,
1857,
2223,
1648,
2731,
1764,
2275,
2500,
1629,
2708,
1429,
2534,
2422,
1555,
2319,
1521,
2703,
1845,
1896,
2419,
2139,
1882,
2201,
2043,
2629,
1371,
2246,
1937,
2031,
1678,
1903,
1930,
2398,
1229,
2482,
1828,
2538,
1775,
1921,
2331,
1986,
2279,
1719,
2011,
2482,
1757,
2151,
1619,
2775,
2009,
2185,
1847,
2337,
2424,
1948,
2209,
1844,
2614,
1758,
2103,
1557,
2806,
1894,
2072,
1567,
2383,
1711,
2363,
1855,
2283,
1409,
2076,
2058,
2383,
1620,
1755,
2367,
2418,
1709,
1887,
2072,
2706,
1929,
2032,
1996,
2163,
2164,
2123,
2390,
1906,
2078,
2128,
2311,
1929,
2371,
1832,
2550,
1611,
2318,
1929,
2255,
1722,
2316,
2202,
1807,
1633,
2486,
2303,
1860,
1788,
2273,
2382,
1845,
1766,
2555,
1932,
2024,
1727,
2574,
1789,
1692,
1917,
2640,
2046,
1490,
1687,
2770,
2093,
1656,
2072,
2091,
2102,
1710,
2322,
1865,
1712,
1738,
2487,
2041,
1332,
1660,
2612,
2333,
1471,
2054,
2139,
2495,
1965,
2536,
2262,
2042,
2292,
3004,
2477,
1698,
2169,
2910,
2624,
1699,
1965,
2087,
2639,
1691,
1931,
1962,
1959,
1590,
2145,
2153,
1585,
1312,
2282,
2328,
1979,
1141,
2081,
2494,
2200,
1799,
2162,
2281,
1956,
2240,
2455,
2202,
1772,
2020,
2602,
2257,
1454,
2119,
2507,
2335,
1508,
2123,
2112,
2133,
1840,
1912,
2352,
1581,
1716,
2021,
2554,
1583,
1616,
2350,
2397,
1753,
1622,
2331,
2456,
1729,
1779,
2394,
1970,
1693,
2241,
2552,
1952,
1622,
2195,
2681,
1993,
1462,
2033,
2596,
1612,
1623,
2061,
2172,
1731,
1796,
2469,
2198,
1522,
1892,
2670,
2219,
1516,
1867,
2635,
2010,
1526,
1992,
2514,
2084,
1666,
2383,
2564,
1810,
1836,
2551,
2443,
1570,
1777,
2339,
2266,
1500,
1706,
2429,
2060,
1720,
1811,
2432,
1958,
1720,
2101,
2558,
1846,
1617,
2296,
2466,
1835,
1581,
2245,
2304,
1696,
1752,
2254,
2240,
1630,
1947,
2527,
2017,
1661,
1973,
2490,
2001,
1580,
2166,
2353,
1880,
1695,
2185,
2419,
1820,
1759,
2326,
2136,
1902,
1798,
2562,
2160,
1884,
1849,
2674,
2145,
1826,
2016,
2530,
1944,
1687,
1990,
2277,
1772,
1744,
2199,
2248,
1700,
1696,
2359,
2173,
1760,
1735,
2424,
2174,
1857,
1753,
2446,
2166,
1892,
1986,
2358,
2054,
1851,
2051,
2274,
2077,
1502,
1989,
2206,
2049,
1635,
1809,
2211,
1882,
1649,
1847,
2124,
1987,
1584,
1771,
2369,
1932,
1660,
2127,
2124,
2186,
1788,
1983,
2058,
2173,
1819,
1768,
1993,
2061,
1495,
2163,
1849,
1887,
1226,
3621,
2460,
2767,
2778,
3119,
2332,
2134,
1203,
2209,
3364,
2635,
2777,
2835,
2357,
0,
3083,
3003,
1964,
2058,
2898,
1871,
2460,
1660,
2553,
2400,
1733,
868,
2222,
1353,
2247,
1953,
2717,
1722,
2151,
1374,
1363,
1694,
1980,
2545,
2535,
2675,
2446,
2618,
1926,
2642,
1993,
2109,
2435,
597,
1074,
2018,
1788,
1171,
219,
1195,
1413,
3245,
803,
1640,
2418,
918,
1125,
2252,
1276,
1968,
2497,
1472,
1762,
2237,
2425,
2442,
2071,
1530,
1580,
1698,
1724,
1761,
2000,
2286,
2417,
2386,
2176,
2429,
2429,
2096,
2366,
2022,
2110,
1679,
1767,
2324,
2439,
2033,
2088,
2405,
2844,
2800,
2849,
2681,
1903,
2469,
2456,
2345,
2289,
2394,
2391,
2304,
1849,
2090,
2231,
2526,
2729,
2560,
2356,
2001,
2387,
3028,
2424,
1273,
1073,
584,
706,
1685,
2175,
1741,
648,
867,
1354,
1459,
1503,
1977,
2578,
1932,
1024,
1333,
2344,
2623,
2252,
2104,
2086,
2022,
1762,
2029,
2293,
2183,
1856,
1903,
2390,
2417,
2242,
2104,
2252,
1995,
1789,
2101,
2536,
2381,
2212,
2213,
2260,
2057,
1993,
1996,
2143,
2060,
2164,
2465,
2606,
2474,
2368,
2415,
2389,
2358,
2214,
2099,
1962,
1804,
1925,
2157,
2289,
2309,
2349,
2155,
1927,
1836,
2227,
2506,
2414,
2259,
2168,
1839,
1416,
1455,
1745,
1924,
1822,
1967,
1942,
2000,
1943,
2052,
2202,
1998,
2088,
2195,
2176,
1968,
1965,
2165,
2293,
2435,
2318,
2220,
2066,
2161,
2255,
2311,
2193,
2041,
1907,
2050,
2085,
2145,
2185,
2070,
1951,
1799,
1922,
1992,
2102,
2097,
2026,
2019,
2029,
2077,
2153,
2085,
1900,
1735,
1875,
2112,
2066,
2265,
2220,
2023,
2083,
1943,
1927,
1913,
1952,
2126,
2177,
2130,
2266,
2346,
2232,
1946,
1959,
2087,
2056,
2043,
1839,
1850,
1826,
1970,
2042,
1892,
1925,
2052,
2038,
1989,
1954,
2118,
2045,
1961,
2008,
1918,
2029,
2087,
2409,
2300,
2139,
2051,
2108,
2195,
1973,
1927,
1927,
1963,
1978,
1872,
1788,
1901,
1919,
1957,
2079,
2125,
2033,
1878,
2060,
2042,
2011,
2026,
2074,
2033,
1843,
1801,
2000,
2008,
1995,
2121,
2121,
2061,
1918,
2065,
2168,
2171,
2152,
2312,
2303,
2199,
2078,
2051,
2099,
2117,
2048,
1933,
2145,
2167,
2142,
2111,
2106,
2128,
2039,
2122,
2106,
2065,
1996,
1944,
1880,
1850,
1867,
2037,
2100,
2139,
2095,
1943,
1938,
1919,
1999,
2009,
1985,
1986,
1982,
1915,
1852,
1846,
1952,
2107,
2194,
2030,
1982,
2055,
2041,
2110,
2104,
2073,
2036,
1961,
2062,
2131,
2167,
2207,
2194,
2105,
1925,
1925,
1936,
1920,
2063,
2137,
2153,
2082,
2010,
2047,
2000,
2035,
2070,
2135,
2148,
2162,
2246,
2231,
2272,
2313,
2235,
2294,
2348,
2166,
2095,
2021,
2049,
2111,
2058,
2068,
2032,
2072,
2174,
2158,
2178,
2123,
2063,
1997,
1911,
2045,
2077,
2004,
1964,
1968,
2088,
2001,
2013,
2074,
2117,
2162,
2071,
2038,
2040,
2107,
2154,
2135,
2008,
1982,
2000,
2163,
2106,
2042,
2036,
2022,
2068,
1970,
2038,
2034,
1947,
1926,
2002,
2059,
1949,
1973,
2185,
2162,
1987,
1946,
2078,
2091,
1941,
2023,
2142,
2087,
1960,
2060,
2267,
2234,
2127,
2132,
2247,
2236,
2116,
2071,
2064,
2063,
2115,
2117,
2130,
2049,
1936,
1996,
2003,
1961,
1940,
1895,
1926,
1898,
1869,
1946,
1943,
2048,
2081,
2072,
2087,
2046,
2063,
2041,
2014,
1975,
1977,
1982,
1998,
2072,
2137,
2126,
2161,
2193,
2187,
2050,
1977,
1953,
1991,
2014,
1984,
1987,
1884,
1888,
1995,
2047,
2048,
2044,
1992,
1952,
1874,
1829,
1886,
1923,
1937,
1921,
1948,
2014,
2056,
2065,
2084,
2155,
2208,
2228,
2160,
2132,
2098,
2095,
2070,
2021,
2008,
2074,
2156,
2201,
2129,
2098,
2090,
2049,
2014,
2008,
2046,
2049,
2062,
2043,
2046,
2053,
2111,
2153,
2084,
2011,
1999,
1992,
2018,
2030,
2059,
2066,
2099,
2114,
2059,
2068,
2056,
2035,
2014,
2057,
2099,
2065,
2024,
2017,
1965,
1933,
1977,
1995,
2026,
1960,
1952,
2023,
1979,
1931,
1921,
1984,
1900,
1798,
1832,
1917,
1956,
1994,
2009,
2077,
2085,
2088,
2174,
2155,
2113,
2007,
1995,
1958,
1928,
1970,
2037,
2077,
2074,
2101,
2167,
2146,
2073,
2111,
2152,
2075,
1961,
1961,
2032,
2057,
2067,
2046,
2048,
2025,
2017,
2064,
1978,
1943,
2001,
2009,
1993,
1994,
2047,
2114,
2049,
2012,
1980,
1971,
1976,
1959,
1985,
2000,
2046,
2113,
2070,
2055,
2036,
2033,
2061,
2014,
2053,
2068,
2104,
2150,
2115,
2020,
1979,
1981,
2058,
2111,
2154,
2096,
2084,
2118,
2074,
2075,
2105,
2162,
2089,
2037,
1985,
1965,
1934,
1935,
2003,
2016,
2052,
2120,
2150,
2109,
2090,
2044,
2062,
2085,
2106,
2182,
2175,
2108,
2031,
2084,
2081,
2110,
2157,
2139,
2086,
2029,
2009,
2060,
2098,
2118,
2146,
2100,
2052,
2033,
2068,
2043,
1972,
1993,
2016,
1990,
2014,
2071,
2151,
2116,
2073,
2077,
2069,
2087,
2035,
2062,
2055,
2013,
2028,
2107,
2168,
2122,
2082,
2109,
2089,
2059,
2050,
2051,
2110,
2064,
2017,
2045,
2065,
2068,
2065,
2057,
2015,
2024,
2052,
2067,
2089,
2102,
2074,
2082,
2008,
1981,
1974,
1971,
1992,
2040,
2065,
2077,
2068,
2087,
2102,
2102,
2085,
2080,
2083,
1986,
2007,
2030,
2087,
2084,
2034,
1995,
1979,
1982,
1960,
1949,
1994,
1969,
1965,
1978,
1985,
2057,
2031,
2021,
2046,
2048,
2037,
2040,
2012,
2026,
2025,
2035,
2024,
2012,
2065,
2087,
2110,
2089,
2078,
2071,
2045,
2074,
2032,
1990,
1998,
2018,
2072,
2070,
2035,
2006,
2020,
2008,
1981,
2016,
2029,
1992,
1970,
1971,
2008,
1975,
1966,
2010,
2017,
1977,
1987,
2057,
2080,
2036,
2035,
2067,
2043,
2031,
2028,
2050,
2043,
2001,
2016,
2026,
2045,
2029,
2031,
2033,
2001,
2013,
2048,
2084,
2110,
2052,
2031,
2005,
1996,
2060,
2108,
2119,
2066,
2081,
2081,
2045,
2021,
2048,
2078,
2094,
2050,
2012,
1977,
1969,
2023,
2083,
2092,
2070,
2042,
2033,
2045,
2018,
2009,
2032,
2071,
2012,
2017,
2044,
2062,
2006,
1986,
2063,
2057,
2008,
2004,
2034,
2031,
2006,
2022,
2077,
2059,
2080,
2124,
2105,
2031,
1996,
2028,
2020,
2000,
2038,
2039,
2014,
2007,
2036,
2063,
2074,
2069,
2071,
2056,
2049,
2037,
2057,
2032,
1998,
2001,
2007,
2002,
1990,
2034,
2023,
1995,
1997,
2023,
2040,
2052,
2025,
2051,
2059,
2007,
1992,
2028,
2025,
1970,
1932,
1968,
1990,
1999,
2024,
2046,
2029,
1983,
2019,
2078,
2070,
2033,
2035,
2057,
2005,
1977,
2021,
2030,
2020,
2015,
2025,
1998,
1973,
2006,
2065,
2107,
2095,
2064,
2043,
2014,
1978,
2023,
2031,
2039,
2022,
2043,
2071,
2056,
2060,
2050,
2057,
2040,
2016,
2040,
2062,
2070,
2080,
2096,
2072,
2051,
2047,
2056,
2012,
1988,
1986,
2019,
2033,
2003,
1988,
2013,
2044,
2036,
2023,
2051,
2034,
2017,
2057,
2052,
2033,
2005,
2018,
2059,
2068,
2060,
2060,
2104,
2082,
2071,
2104,
2120,
2083,
2053,
2038,
2074,
2075,
2098,
2111,
2091,
2052,
2042,
2089,
2130,
2096,
2102,
2115,
2093,
2071,
2064,
2064,
2077,
2087,
2102,
2107,
2094,
2099,
2094,
2095,
2073,
2063,
2069,
2096,
2056,
2074,
2102,
2098,
2092,
2119,
2127,
2096,
2056,
2055,
2044,
2030,
2034,
2048,
2072,
2069,
2069,
2098,
2075,
2068,
2093,
2060,
2031,
2026,
2028,
2041,
2017,
2054,
2050,
2049,
2046,
2046,
2054,
2064,
2066,
2070,
2051,
2038,
2023,
2025,
2033,
2043,
2053,
2065,
2074,
2086,
2095,
2093,
2075,
2058,
2062,
2045,
2034,
2025,
2053,
2080,
2076,
2065,
2065,
2085,
2092,
2089,
2081,
2047,
2016,
2026,
2054,
2067,
2048,
2066,
2079,
2072,
2070,
2064,
2075,
2057,
2040,
2035,
2010,
2026,
2042,
2041,
2055,
2004,
2015,
2035,
2040,
2028,
1999,
2022,
2022,
2018,
2045,
2042,
2029,
2019,
2013,
2041,
2064,
2069,
2064,
2078,
2068,
2041,
2043,
2029,
2032,
2050,
2048,
2059,
2057,
2051,
2033,
2014,
2037,
2048,
2060,
2073,
2063,
2063,
2035,
2031,
2028,
2020,
2042,
2035,
2051,
2062,
2044,
2047,
2042,
2050,
2051,
2035,
2055,
2054,
2085,
2089,
2081,
2080,
2083,
2068,
2030,
2011,
2024,
2040,
2064,
2079,
2088,
2090,
2078,
2086,
2068,
2057,
2058,
2041,
2053,
2066,
2060,
2065,
2051,
2062,
2052,
2037,
2043,
2024,
2037,
2041,
2039,
2041,
2038,
2062,
2072,
2084,
2085,
2076,
2081,
2082,
2053,
2031,
2014,
2031,
2051,
2042,
2062,
2103,
2110,
2074,
2057,
2062,
2051,
2029,
2025,
2029,
2050,
2037,
2045,
2062,
2065,
2049,
2039,
2058,
2033,
2035,
2051,
2022,
2006,
2014,
2035,
2050,
2046,
2071,
2068,
2065,
2071,
2053,
2055,
2036,
2036,
2038,
2039,
2046,
2042,
2061,
2054,
2034,
2045,
2051,
2054,
2054,
2040,
2041,
2028,
2029,
2031,
2036,
2025,
2003,
2015,
2040,
2042,
2044,
2041,
2041,
2044,
2029,
2011,
2014,
2004,
2006,
2020,
2042,
2048,
2061,
2077,
2057,
2047,
2045,
2062,
2061,
2045,
2031,
2026,
2040,
2044,
2053,
2074,
2064,
2057,
2063,
2057,
2042,
2040,
2053,
2043,
2024,
2044,
2050,
2054,
2051,
2054,
2063,
2055,
2054,
2066,
2070,
2072,
2085,
2084,
2073,
2058,
2060,
2046,
2024,
2024,
2030,
2049,
2037,
2041,
2066,
2088,
2084,
2054,
2055,
2061,
2048,
2056,
2056,
2046,
2023,
2026,
2034,
2035,
2058,
2068,
2055,
2053,
2033,
2045,
2065,
2056,
2068,
2071,
2056,
2037,
2037,
2056,
2058,
2062,
2044,
2032,
2029,
2030,
2038,
2042,
2036,
2027,
2032,
2057,
2063,
2061,
2056,
2048,
2038,
2028,
2028,
2031,
2043,
2041,
2032,
2035,
2045,
2051,
2068,
2072,
2054,
2043,
2031,
2028,
2026,
2026,
2031,
2036,
2045,
2038,
2051,
2050,
2035,
2026,
2037,
2041,
2055,
2043,
2028,
2017,
2020,
2022,
2022,
2028,
2047,
2056,
2044,
2050,
2052,
2046,
2042,
2029,
2018,
2022,
2034,
2036,
2036,
2042,
2040,
2038,
2024,
2026,
2050,
2048,
2047,
2043,
2038,
2041,
2048,
2050,
2040,
2046,
2057,
2047,
2039,
2048,
2065,
2074,
2065,
2055,
2044,
2034,
2033,
2043,
2058,
2060,
2051,
2048,
2053,
2061,
2053,
2050,
2056,
2057,
2047,
2036,
2049,
2054,
2056,
2055,
2056,
2053,
2056,
2070,
2060,
2045,
2047,
2046,
2051,
2056,
2056,
2070,
2077,
2075,
2070,
2058,
2046,
2038,
2053,
2055,
2055,
2067,
2076,
2082,
2071,
2055,
2049,
2045,
2050,
2051,
2059,
2060,
2063,
2074,
2075,
2065,
2066,
2063,
2061,
2051,
2049,
2057,
2049,
2051,
2049,
2055,
2050,
2047,
2059,
2059,
2054,
2055,
2061,
2069,
2057,
2056,
2064,
2060,
2044,
2028,
2050,
2068,
2072,
2074,
2084,
2082,
2064,
2056,
2068,
2071,
2064,
2055,
2055,
2065,
2059,
2065,
2069,
2067,
2057,
2048,
2044,
2038,
2037,
2042,
2049,
2060,
2056,
2049,
2057,
2066,
2055,
2044,
2042,
2047,
2041,
2043,
2049,
2068,
2076,
2067,
2066,
2069,
2058,
2048,
2052,
2069,
2065,
2048,
2042,
2046,
2063,
2066,
2069,
2070,
2056,
2052,
2061,
2066,
2064,
2054,
2055,
2055,
2049,
2053,
2060,
2060,
2054,
2050,
2059,
2064,
2059,
2060,
2068,
2073,
2067,
2060,
2066,
2064,
2055,
2050,
2053,
2051,
2044,
2055,
2069,
2065,
2053,
2051,
2051,
2045,
2048,
2059,
2063,
2064,
2046,
2044,
2043,
2048,
2057,
2057,
2052,
2049,
2049,
2055,
2058,
2066,
2057,
2048,
2057,
2056,
2055,
2051,
2055,
2053,
2053,
2066,
2066,
2049,
2042,
2041,
2039,
2029,
2036,
2064,
2066,
2056,
2052,
2057,
2059,
2042,
2037,
2037,
2045,
2054,
2056,
2059,
2061,
2053,
2054,
2047,
2046,
2050,
2044,
2048,
2043,
2048,
2058,
2063,
2058,
2045,
2050,
2052,
2047,
2049,
2052,
2051,
2048,
2054,
2068,
2063,
2056,
2050,
2049,
2050,
2051,
2054,
2047,
2041,
2039,
2049,
2058,
2054,
2053,
2052,
2039,
2034,
2042,
2053,
2060,
2044,
2032,
2027,
2027,
2037,
2056,
2065,
2054,
2042,
2039,
2044,
2043,
2045,
2050,
2051,
2037,
2039,
2053,
2056,
2052,
2054,
2054,
2041,
2042,
2049,
2047,
2038,
2026,
2035,
2038,
2039,
2041,
2049,
2056,
2054,
2051,
2051,
2040,
2028,
2024,
2022,
2025,
2031,
2045,
2042,
2040,
2042,
2045,
2047,
2040,
2037,
2042,
2038,
2036,
2043,
2055,
2053,
2041,
2046,
2055,
2052,
2052,
2050,
2048,
2033,
2030,
2038,
2042,
2038,
2031,
2033,
2037,
2035,
2040,
2047,
2038,
2026,
2024,
2026,
2022,
2022,
2032,
2041,
2039,
2038,
2045,
2043,
2041,
2038,
2044,
2044,
2033,
2031,
2035,
2031,
2024,
2033,
2048,
2055,
2052,
2048,
2041,
2034,
2030,
2033,
2035,
2028,
2029,
2037,
2042,
2034,
2032,
2040,
2044,
2037,
2036,
2039,
2044,
2044,
2041,
2041,
2035,
2036,
2043,
2043,
2038,
2041,
2050,
2049,
2046,
2040,
2041,
2043,
2042,
2038,
2038,
2040,
2047,
2049,
2048,
2043,
2039,
2039,
2032,
2037,
2039,
2035,
2037,
2046,
2050,
2047,
2043,
2049,
2048,
2049,
2039,
2030,
2036,
2045,
2047,
2043,
2041,
2043,
2041,
2048,
2045,
2043,
2048,
2048,
2047,
2041,
2029,
2030,
2034,
2032,
2028,
2035,
2046,
2048,
2050,
2048,
2041,
2037,
2040,
2042,
2040,
2036,
2036,
2042,
2048,
2046,
2040,
2037,
2033,
2029,
2032,
2037,
2042,
2043,
2045,
2033,
2020,
2018,
2027,
2036,
2032,
2029,
2034,
2040,
2039,
2031,
2032,
2029,
2022,
2025,
2027,
2027,
2029,
2035,
2043,
2041,
2036,
2034,
2037,
2037,
2031,
2034,
2038,
2038,
2032,
2031,
2031,
2029,
2022,
2027,
2035,
2038,
2033,
2031,
2034,
2031,
2021,
2023,
2027,
2030,
2036,
2035,
2027,
2020,
2024,
2026,
2027,
2029,
2038,
2040,
2037,
2033,
2034,
2033,
2028,
2025,
2028,
2026,
2028,
2033,
2035,
2034,
2028,
2026,
2025,
2030,
2037,
2036,
2032,
2028,
2028,
2024,
2020,
2019,
2025,
2031,
2028,
2022,
2027,
2031,
2029,
2027,
2028,
2028,
2026,
2030,
2040,
2038,
2026,
2022,
2026,
2030,
2030,
2032,
2038,
2035,
2033,
2036,
2038,
2040,
2041,
2042,
2038,
2033,
2036,
2043,
2048,
2044,
2039,
2037,
2036,
2038,
2042,
2047,
2048,
2043,
2035,
2035,
2036,
2038,
2036,
2039,
2042,
2045,
2050,
2053,
2050,
2046,
2043,
2039,
2036,
2041,
2048,
2050,
2049,
2052,
2058,
2058,
2053,
2050,
2048,
2047,
2046,
2049,
2053,
2058,
2063,
2055,
2049,
2049,
2050,
2050,
2048,
2049,
2047,
2042,
2048,
2057,
2063,
2062,
2059,
2062,
2057,
2054,
2055,
2056,
2056,
2059,
2063,
2062,
2058,
2062,
2069,
2072,
2064,
2055,
2058,
2064,
2064,
2061,
2063,
2066,
2060,
2055,
2055,
2059,
2060,
2062,
2069,
2068,
2062,
2062,
2069,
2070,
2063,
2056,
2059,
2063,
2063,
2062,
2065,
2068,
2065,
2063,
2063,
2070,
2074,
2073,
2071,
2069,
2070,
2068,
2069,
2071,
2067,
2062,
2059,
2064,
2070,
2074,
2073,
2071,
2071,
2069,
2067,
2068,
2071,
2073,
2070,
2066,
2062,
2059,
2060,
2062,
2066,
2070,
2066,
2067,
2069,
2067,
2065,
2064,
2068,
2069,
2065,
2063,
2064,
2068,
2066,
2064,
2067,
2066,
2065,
2065,
2066,
2069,
2068,
2069,
2070,
2066,
2062,
2060,
2062,
2060,
2062,
2066,
2068,
2068,
2066,
2066,
2067,
2063,
2062,
2065,
2064,
2065,
2064,
2066,
2065,
2064,
2063,
2061,
2062,
2063,
2064,
2065,
2061,
2063,
2065,
2066,
2068,
2066,
2064,
2061,
2055,
2057,
2061,
2061,
2061,
2060,
2062,
2058,
2058,
2060,
2063,
2066,
2062,
2063,
2062,
2058,
2060,
2060,
2060,
2058,
2058,
2060,
2056,
2053,
2054,
2057,
2059,
2060,
2062,
2062,
2057,
2055,
2054,
2055,
2052,
2051,
2053,
2052,
2054,
2053,
2054,
2055,
2056,
2057,
2056,
2054,
2053,
2051,
2051,
2050,
2051,
2054,
2054,
2051,
2047,
2045,
2045,
2046,
2051,
2052,
2050,
2045,
2042,
2046,
2048,
2048,
2046,
2044,
2041,
2039,
2041,
2043,
2042,
2042,
2042,
2042,
2041,
2042,
2046,
2046,
2043,
2039,
2035,
2037,
2039,
2042,
2041,
2037,
2035,
2034,
2034,
2034,
2035,
2036,
2033,
2030,
2031,
2032,
2034,
2033,
2029,
2025,
2022,
2024,
2028,
2031,
2030,
2023,
2021,
2020,
2019,
2018,
2019,
2022,
2022,
2021,
2019,
2019,
2020,
2021,
2016,
2010,
2011,
2017,
2021,
2019,
2018,
2018,
2016,
2011,
2010,
2011,
2012,
2014,
2015,
2016,
2014,
2015,
2016,
2015,
2012,
2009,
2007,
2009,
2011,
2012,
2014,
2016,
2016,
2015,
2015,
2014,
2013,
2015,
2018,
2020,
2020,
2021,
2025,
2025,
2024,
2027,
2029,
2028,
2027,
2028,
2030,
2030,
2031,
2032,
2032,
2031,
2033,
2035,
2035,
2034,
2035,
2036,
2037,
2038,
2038,
2040,
2040,
2038,
2040,
2043,
2046,
2048,
2049,
2052,
2052,
2051,
2052,
2053,
2054,
2054,
2056,
2056,
2056,
2056,
2058,
2058,
2058,
2060,
2064,
2063,
2061,
2060,
2059,
2059,
2061,
2065,
2066,
2063,
2062,
2062,
2062,
2062,
2065,
2069,
2069,
2068,
2069,
2070,
2069,
2070,
2073,
2075,
2074,
2072,
2074,
2076,
2075,
2074,
2074,
2074,
2072,
2071,
2073,
2075,
2075,
2074,
2074,
2074,
2074,
2074,
2073,
2072,
2072,
2074,
2076,
2076,
2077,
2078,
2076,
2074,
2073,
2075,
2075,
2075,
2077,
2078,
2076,
2074,
2075,
2078,
2076,
2075,
2076,
2076,
2075,
2073,
2075,
2075,
2074,
2074,
2075,
2076,
2073,
2072,
2072,
2073,
2075,
2075,
2075,
2074,
2073,
2073,
2074,
2075,
2076,
2078,
2078,
2075,
2074,
2075,
2074,
2073,
2072,
2073,
2071,
2070,
2072,
2071,
2070,
2067,
2067,
2069,
2067,
2066,
2066,
2066,
2064,
2063,
2066,
2068,
2067,
2066,
2066,
2067,
2067,
2068,
2070,
2070,
2068,
2066,
2065,
2065,
2065,
2067,
2068,
2066,
2064,
2064,
2064,
2063,
2061,
2060,
2059,
2058,
2056,
2056,
2054,
2054,
2055,
2056,
2056,
2057,
2057,
2055,
2053,
2052,
2053,
2053,
2053,
2053,
2054,
2054,
2054,
2055,
2055,
2055,
2053,
2054,
2054,
2052,
2051,
2051,
2051,
2050,
2050,
2050,
2050,
2049,
2047,
2047,
2047,
2045,
2045,
2044,
2043,
2042,
2042,
2042,
2042,
2042,
2042,
2042,
2042,
2042,
2043,
2045,
2044,
2044,
2043,
2043,
2044,
2044,
2045,
2045,
2044,
2043,
2042,
2042,
2040,
2039,
2039,
2039,
2040,
2039,
2039,
2040,
2041,
2040,
2039,
2039,
2038,
2039,
2041,
2040,
2038,
2037,
2037,
2038,
2038,
2039,
2039,
2040,
2039,
2038,
2039,
2040,
2041,
2041,
2040,
2040,
2039,
2041,
2042,
2042,
2042,
2040,
2040,
2041,
2041,
2041,
2041,
2042,
2041,
2041,
2041,
2040,
2040,
2040,
2038,
2038,
2039,
2041,
2041,
2041,
2041,
2040,
2040,
2040,
2041,
2041,
2040,
2041,
2041,
2040,
2041,
2042,
2042,
2040,
2039,
2040,
2040,
2041,
2041,
2041,
2041,
2040,
2041,
2039,
2038,
2036,
2036,
2037,
2037,
2036,
2036,
2036,
2037,
2036,
2036,
2036,
2035,
2034,
2034,
2033,
2034,
2033,
2033,
2033,
2033,
2032,
2032,
2032,
2031,
2031,
2032,
2031,
2030,
2031,
2032,
2030,
2030,
2031,
2031,
2031,
2031,
2032,
2032,
2031,
2032,
2032,
2032,
2032,
2032,
2033,
2032,
2031,
2032,
2032,
2031,
2030,
2031,
2031,
2030,
2029,
2029,
2028,
2028,
2027,
2029,
2029,
2028,
2029,
2029,
2030,
2030,
2031,
2032,
2031,
2031,
2032,
2033,
2033,
2032,
2032,
2032,
2032,
2033,
2033,
2034,
2033,
2034,
2034,
2034,
2033,
2033,
2033,
2032,
2032,
2032,
2033,
2033,
2034,
2034,
2035,
2034,
2034,
2035,
2035,
2034,
2034,
2034,
2034,
2033,
2033,
2035,
2036,
2035,
2035,
2038,
2039,
2039,
2040,
2041,
2041,
2040,
2041,
2041,
2040,
2039,
2040,
2042,
2043,
2043,
2045,
2045,
2046,
2045,
2045,
2045,
2045,
2046,
2047,
2047,
2048,
2049,
2051,
2050,
2050,
2050,
2050,
2050,
2049,
2049,
2050,
2049,
2050,
2050,
2051,
2050,
2050,
2051,
2050,
2050,
2051,
2052,
2052,
2051,
2051,
2052,
2052,
2053,
2053,
2055,
2055,
2054,
2055,
2055,
2055,
2054,
2054,
2053,
2051,
2051,
2050,
2050,
2051,
2051,
2051,
2050,
2048,
2048,
2048,
2048,
2047,
2047,
2047,
2049,
2050,
2051,
2052,
2052,
2052,
2051,
2051,
2052,
2052,
2051,
2051,
2049,
2049,
2049,
2050,
2051,
2049,
2049,
2049,
2048,
2048,
2047,
2047,
2048,
2048,
2048,
2048,
2048,
2048,
2050,
2051,
2050,
2049,
2048,
2049,
2049,
2047,
2047,
2048,
2049,
2048,
2048,
2048,
2048,
2048,
2049,
2049,
2049,
2050,
2050,
2051,
2050,
2050,
2050,
2051,
2051,
2051,
2050,
2051,
2051,
2051,
2052,
2052,
2051,
2051,
2050,
2049,
2049,
2048,
2048,
2049,
2049,
2050,
2051,
2052,
2052,
2052,
2053,
2053,
2053,
2053,
2054,
2053,
2054,
2054,
2055,
2055,
2055,
2055,
2055,
2054,
2056,
2051,
2047,
2048,
2047,
2047,
2047,
2048,
2047,
2048,
2047,
2048,
2047,
2048,
2047,
2048,
2047,
2048,
2047,
2048,
2047,
2048,
2047,
2048,
2047,
2048,
2047,
2048,
2047,
2047,
2048,
2047,
2048,
2047,
2047,
2048,
2047,
2048,
2047,
2048,
2047,
2048,
2047,
2048,
2047,
2048,
2047,
2048,
2047,
2048,
2047,
2048,
2047,
2048,
2047,
2048,
2047,
2048,
2047,
2048,
2047,
2048,
2047,
2048,
2047,
2048,
2047,
2048,
2047
};
